     Time(d)	    SOM1(mM)	    SOM2(mM)	    SOM3(mM)	    SOM4(mM)	     CO2(mM)	     NH3(mM)	    TotC(mM)	
  0.0000e+00	  0.0000e+00	  0.0000e+00	  0.0000e+00	  0.0000e+00	  0.0000e+00	  0.0000e+00	  0.0000e+00	
  1.8250e+00	  8.7778e-01	  8.6850e-02	  6.1801e-04	  2.3488e-07	  3.4747e-02	  2.4719e-03	  1.0000e+00	
  3.6500e+00	  7.7051e-01	  1.6088e-01	  2.3475e-03	  1.8074e-06	  6.6263e-02	  4.6970e-03	  1.0000e+00	
  5.4750e+00	  6.7634e-01	  2.2372e-01	  5.0195e-03	  5.8709e-06	  9.4918e-02	  6.7042e-03	  1.0000e+00	
  7.3000e+00	  5.9368e-01	  2.7678e-01	  8.4865e-03	  1.3401e-05	  1.2104e-01	  8.5190e-03	  1.0000e+00	
  9.1250e+00	  5.2112e-01	  3.2132e-01	  1.2620e-02	  2.5216e-05	  1.4491e-01	  1.0164e-02	  1.0000e+00	
  1.0950e+01	  4.5743e-01	  3.5842e-01	  1.7308e-02	  4.2003e-05	  1.6679e-01	  1.1658e-02	  1.0000e+00	
  1.2775e+01	  4.0153e-01	  3.8906e-01	  2.2452e-02	  6.4327e-05	  1.8690e-01	  1.3019e-02	  1.0000e+00	
  1.4600e+01	  3.5245e-01	  4.1406e-01	  2.7968e-02	  9.2652e-05	  2.0542e-01	  1.4262e-02	  1.0000e+00	
  1.6425e+01	  3.0938e-01	  4.3416e-01	  3.3783e-02	  1.2735e-04	  2.2254e-01	  1.5401e-02	  1.0000e+00	
  1.8250e+01	  2.7157e-01	  4.5001e-01	  3.9831e-02	  1.6873e-04	  2.3841e-01	  1.6446e-02	  1.0000e+00	
  2.0075e+01	  2.3838e-01	  4.6218e-01	  4.6058e-02	  2.1701e-04	  2.5316e-01	  1.7409e-02	  9.9999e-01	
  2.1900e+01	  2.0925e-01	  4.7116e-01	  5.2415e-02	  2.7236e-04	  2.6690e-01	  1.8298e-02	  9.9999e-01	
  2.3725e+01	  1.8367e-01	  4.7737e-01	  5.8861e-02	  3.3491e-04	  2.7975e-01	  1.9122e-02	  9.9999e-01	
  2.5550e+01	  1.6122e-01	  4.8121e-01	  6.5361e-02	  4.0474e-04	  2.9179e-01	  1.9887e-02	  9.9999e-01	
  2.7375e+01	  1.4152e-01	  4.8301e-01	  7.1882e-02	  4.8188e-04	  3.0310e-01	  2.0601e-02	  9.9999e-01	
  2.9200e+01	  1.2422e-01	  4.8304e-01	  7.8400e-02	  5.6635e-04	  3.1376e-01	  2.1267e-02	  9.9999e-01	
  3.1025e+01	  1.0904e-01	  4.8157e-01	  8.4892e-02	  6.5812e-04	  3.2383e-01	  2.1891e-02	  9.9999e-01	
  3.2850e+01	  9.5716e-02	  4.7882e-01	  9.1337e-02	  7.5716e-04	  3.3336e-01	  2.2478e-02	  9.9999e-01	
  3.4675e+01	  8.4018e-02	  4.7499e-01	  9.7721e-02	  8.6340e-04	  3.4240e-01	  2.3031e-02	  9.9999e-01	
  3.6500e+01	  7.3749e-02	  4.7023e-01	  1.0403e-01	  9.7676e-04	  3.5101e-01	  2.3553e-02	  9.9999e-01	
  3.8325e+01	  6.4736e-02	  4.6470e-01	  1.1025e-01	  1.0971e-03	  3.5921e-01	  2.4048e-02	  9.9999e-01	
  4.0150e+01	  5.6824e-02	  4.5853e-01	  1.1637e-01	  1.2245e-03	  3.6703e-01	  2.4517e-02	  9.9999e-01	
  4.1975e+01	  4.9880e-02	  4.5183e-01	  1.2239e-01	  1.3586e-03	  3.7453e-01	  2.4964e-02	  9.9999e-01	
  4.3800e+01	  4.3784e-02	  4.4470e-01	  1.2830e-01	  1.4994e-03	  3.8171e-01	  2.5390e-02	  9.9999e-01	
  4.5625e+01	  3.8433e-02	  4.3722e-01	  1.3409e-01	  1.6468e-03	  3.8860e-01	  2.5797e-02	  9.9999e-01	
  4.7450e+01	  3.3735e-02	  4.2946e-01	  1.3977e-01	  1.8006e-03	  3.9523e-01	  2.6187e-02	  9.9999e-01	
  4.9275e+01	  2.9612e-02	  4.2150e-01	  1.4532e-01	  1.9606e-03	  4.0161e-01	  2.6561e-02	  9.9999e-01	
  5.1100e+01	  2.5993e-02	  4.1337e-01	  1.5074e-01	  2.1269e-03	  4.0776e-01	  2.6920e-02	  9.9999e-01	
  5.2925e+01	  2.2817e-02	  4.0514e-01	  1.5604e-01	  2.2991e-03	  4.1370e-01	  2.7266e-02	  9.9999e-01	
  5.4750e+01	  2.0028e-02	  3.9684e-01	  1.6120e-01	  2.4772e-03	  4.1944e-01	  2.7599e-02	  9.9999e-01	
  5.6575e+01	  1.7580e-02	  3.8851e-01	  1.6624e-01	  2.6610e-03	  4.2499e-01	  2.7921e-02	  9.9999e-01	
  5.8400e+01	  1.5432e-02	  3.8018e-01	  1.7116e-01	  2.8503e-03	  4.3037e-01	  2.8232e-02	  9.9999e-01	
  6.0225e+01	  1.3546e-02	  3.7187e-01	  1.7594e-01	  3.0451e-03	  4.3558e-01	  2.8533e-02	  9.9999e-01	
  6.2050e+01	  1.1890e-02	  3.6362e-01	  1.8060e-01	  3.2452e-03	  4.4064e-01	  2.8824e-02	  9.9999e-01	
  6.3875e+01	  1.0437e-02	  3.5542e-01	  1.8513e-01	  3.4503e-03	  4.4555e-01	  2.9107e-02	  9.9999e-01	
  6.5700e+01	  9.1615e-03	  3.4731e-01	  1.8954e-01	  3.6605e-03	  4.5032e-01	  2.9381e-02	  9.9999e-01	
  6.7525e+01	  8.0418e-03	  3.3929e-01	  1.9383e-01	  3.8756e-03	  4.5496e-01	  2.9648e-02	  9.9999e-01	
  6.9350e+01	  7.0590e-03	  3.3138e-01	  1.9799e-01	  4.0953e-03	  4.5946e-01	  2.9907e-02	  9.9999e-01	
  7.1175e+01	  6.1963e-03	  3.2359e-01	  2.0203e-01	  4.3196e-03	  4.6385e-01	  3.0159e-02	  9.9999e-01	
  7.3000e+01	  5.4390e-03	  3.1591e-01	  2.0596e-01	  4.5484e-03	  4.6813e-01	  3.0405e-02	  9.9999e-01	
  7.4825e+01	  4.7743e-03	  3.0837e-01	  2.0977e-01	  4.7815e-03	  4.7229e-01	  3.0644e-02	  9.9999e-01	
  7.6650e+01	  4.1908e-03	  3.0096e-01	  2.1347e-01	  5.0188e-03	  4.7635e-01	  3.0878e-02	  9.9999e-01	
  7.8475e+01	  3.6786e-03	  2.9369e-01	  2.1706e-01	  5.2601e-03	  4.8030e-01	  3.1105e-02	  9.9999e-01	
  8.0300e+01	  3.2290e-03	  2.8655e-01	  2.2054e-01	  5.5054e-03	  4.8416e-01	  3.1328e-02	  9.9999e-01	
  8.2125e+01	  2.8344e-03	  2.7956e-01	  2.2391e-01	  5.7544e-03	  4.8792e-01	  3.1544e-02	  9.9999e-01	
  8.3950e+01	  2.4880e-03	  2.7272e-01	  2.2718e-01	  6.0072e-03	  4.9160e-01	  3.1756e-02	  9.9999e-01	
  8.5775e+01	  2.1839e-03	  2.6601e-01	  2.3035e-01	  6.2635e-03	  4.9518e-01	  3.1963e-02	  9.9999e-01	
  8.7600e+01	  1.9170e-03	  2.5945e-01	  2.3341e-01	  6.5233e-03	  4.9868e-01	  3.2166e-02	  9.9999e-01	
  8.9425e+01	  1.6827e-03	  2.5303e-01	  2.3638e-01	  6.7865e-03	  5.0210e-01	  3.2363e-02	  9.9999e-01	
  9.1250e+01	  1.4771e-03	  2.4676e-01	  2.3926e-01	  7.0528e-03	  5.0544e-01	  3.2557e-02	  9.9999e-01	
  9.3075e+01	  1.2965e-03	  2.4063e-01	  2.4204e-01	  7.3223e-03	  5.0871e-01	  3.2746e-02	  9.9999e-01	
  9.4900e+01	  1.1381e-03	  2.3463e-01	  2.4473e-01	  7.5949e-03	  5.1190e-01	  3.2932e-02	  9.9999e-01	
  9.6725e+01	  9.9899e-04	  2.2878e-01	  2.4733e-01	  7.8703e-03	  5.1501e-01	  3.3113e-02	  9.9999e-01	
  9.8550e+01	  8.7690e-04	  2.2306e-01	  2.4984e-01	  8.1486e-03	  5.1806e-01	  3.3291e-02	  9.9999e-01	
  1.0038e+02	  7.6973e-04	  2.1748e-01	  2.5227e-01	  8.4297e-03	  5.2104e-01	  3.3465e-02	  9.9999e-01	
  1.0220e+02	  6.7566e-04	  2.1203e-01	  2.5462e-01	  8.7133e-03	  5.2396e-01	  3.3635e-02	  9.9999e-01	
  1.0402e+02	  5.9308e-04	  2.0670e-01	  2.5688e-01	  8.9995e-03	  5.2681e-01	  3.3802e-02	  9.9999e-01	
  1.0585e+02	  5.2060e-04	  2.0151e-01	  2.5907e-01	  9.2882e-03	  5.2960e-01	  3.3966e-02	  9.9999e-01	
  1.0767e+02	  4.5697e-04	  1.9644e-01	  2.6118e-01	  9.5792e-03	  5.3233e-01	  3.4127e-02	  9.9999e-01	
  1.0950e+02	  4.0112e-04	  1.9150e-01	  2.6322e-01	  9.8725e-03	  5.3500e-01	  3.4284e-02	  9.9999e-01	
  1.1133e+02	  3.5210e-04	  1.8667e-01	  2.6518e-01	  1.0168e-02	  5.3761e-01	  3.4438e-02	  9.9999e-01	
  1.1315e+02	  3.0907e-04	  1.8197e-01	  2.6707e-01	  1.0466e-02	  5.4017e-01	  3.4590e-02	  9.9999e-01	
  1.1498e+02	  2.7129e-04	  1.7738e-01	  2.6890e-01	  1.0765e-02	  5.4268e-01	  3.4738e-02	  9.9999e-01	
  1.1680e+02	  2.3814e-04	  1.7290e-01	  2.7065e-01	  1.1067e-02	  5.4513e-01	  3.4884e-02	  9.9999e-01	
  1.1862e+02	  2.0903e-04	  1.6853e-01	  2.7234e-01	  1.1370e-02	  5.4753e-01	  3.5027e-02	  9.9999e-01	
  1.2045e+02	  1.8349e-04	  1.6427e-01	  2.7397e-01	  1.1676e-02	  5.4989e-01	  3.5167e-02	  9.9999e-01	
  1.2227e+02	  1.6106e-04	  1.6012e-01	  2.7553e-01	  1.1983e-02	  5.5219e-01	  3.5305e-02	  9.9999e-01	
  1.2410e+02	  1.4138e-04	  1.5607e-01	  2.7703e-01	  1.2291e-02	  5.5445e-01	  3.5440e-02	  9.9999e-01	
  1.2592e+02	  1.2410e-04	  1.5213e-01	  2.7848e-01	  1.2602e-02	  5.5666e-01	  3.5573e-02	  9.9999e-01	
  1.2775e+02	  1.0893e-04	  1.4828e-01	  2.7986e-01	  1.2914e-02	  5.5882e-01	  3.5703e-02	  9.9999e-01	
  1.2958e+02	  9.5619e-05	  1.4452e-01	  2.8120e-01	  1.3227e-02	  5.6095e-01	  3.5831e-02	  9.9999e-01	
  1.3140e+02	  8.3933e-05	  1.4086e-01	  2.8247e-01	  1.3542e-02	  5.6303e-01	  3.5957e-02	  9.9999e-01	
  1.3322e+02	  7.3675e-05	  1.3730e-01	  2.8369e-01	  1.3858e-02	  5.6507e-01	  3.6080e-02	  9.9999e-01	
  1.3505e+02	  6.4671e-05	  1.3382e-01	  2.8486e-01	  1.4175e-02	  5.6706e-01	  3.6201e-02	  9.9999e-01	
  1.3688e+02	  5.6767e-05	  1.3043e-01	  2.8598e-01	  1.4494e-02	  5.6902e-01	  3.6321e-02	  9.9999e-01	
  1.3870e+02	  4.9829e-05	  1.2713e-01	  2.8705e-01	  1.4813e-02	  5.7094e-01	  3.6438e-02	  9.9999e-01	
  1.4053e+02	  4.3739e-05	  1.2390e-01	  2.8808e-01	  1.5134e-02	  5.7283e-01	  3.6553e-02	  9.9999e-01	
  1.4235e+02	  3.8394e-05	  1.2076e-01	  2.8905e-01	  1.5456e-02	  5.7468e-01	  3.6667e-02	  9.9999e-01	
  1.4417e+02	  3.3701e-05	  1.1770e-01	  2.8998e-01	  1.5779e-02	  5.7649e-01	  3.6778e-02	  9.9999e-01	
  1.4600e+02	  2.9583e-05	  1.1472e-01	  2.9087e-01	  1.6103e-02	  5.7826e-01	  3.6887e-02	  9.9999e-01	
  1.4783e+02	  2.5967e-05	  1.1181e-01	  2.9171e-01	  1.6428e-02	  5.8001e-01	  3.6995e-02	  9.9999e-01	
  1.4965e+02	  2.2794e-05	  1.0898e-01	  2.9251e-01	  1.6754e-02	  5.8172e-01	  3.7101e-02	  9.9999e-01	
  1.5147e+02	  2.0008e-05	  1.0621e-01	  2.9328e-01	  1.7080e-02	  5.8340e-01	  3.7205e-02	  9.9999e-01	
  1.5330e+02	  1.7563e-05	  1.0352e-01	  2.9400e-01	  1.7408e-02	  5.8505e-01	  3.7308e-02	  9.9999e-01	
  1.5512e+02	  1.5416e-05	  1.0089e-01	  2.9468e-01	  1.7736e-02	  5.8666e-01	  3.7409e-02	  9.9999e-01	
  1.5695e+02	  1.3532e-05	  9.8335e-02	  2.9532e-01	  1.8064e-02	  5.8825e-01	  3.7508e-02	  9.9999e-01	
  1.5878e+02	  1.1878e-05	  9.5841e-02	  2.9593e-01	  1.8394e-02	  5.8981e-01	  3.7606e-02	  9.9999e-01	
  1.6060e+02	  1.0427e-05	  9.3410e-02	  2.9650e-01	  1.8724e-02	  5.9134e-01	  3.7702e-02	  9.9999e-01	
  1.6242e+02	  9.1522e-06	  9.1041e-02	  2.9704e-01	  1.9054e-02	  5.9284e-01	  3.7797e-02	  9.9999e-01	
  1.6425e+02	  8.0337e-06	  8.8732e-02	  2.9755e-01	  1.9385e-02	  5.9431e-01	  3.7891e-02	  9.9999e-01	
  1.6608e+02	  7.0519e-06	  8.6481e-02	  2.9802e-01	  1.9717e-02	  5.9576e-01	  3.7982e-02	  9.9999e-01	
  1.6790e+02	  6.1900e-06	  8.4287e-02	  2.9846e-01	  2.0049e-02	  5.9719e-01	  3.8073e-02	  9.9999e-01	
  1.6972e+02	  5.4335e-06	  8.2149e-02	  2.9886e-01	  2.0381e-02	  5.9859e-01	  3.8162e-02	  9.9999e-01	
  1.7155e+02	  4.7694e-06	  8.0065e-02	  2.9924e-01	  2.0714e-02	  5.9996e-01	  3.8250e-02	  9.9999e-01	
  1.7338e+02	  4.1865e-06	  7.8034e-02	  2.9959e-01	  2.1047e-02	  6.0131e-01	  3.8337e-02	  9.9999e-01	
  1.7520e+02	  3.6749e-06	  7.6054e-02	  2.9991e-01	  2.1381e-02	  6.0264e-01	  3.8422e-02	  9.9999e-01	
  1.7703e+02	  3.2258e-06	  7.4124e-02	  3.0020e-01	  2.1714e-02	  6.0394e-01	  3.8506e-02	  9.9999e-01	
  1.7885e+02	  2.8315e-06	  7.2244e-02	  3.0047e-01	  2.2048e-02	  6.0522e-01	  3.8589e-02	  9.9999e-01	
  1.8067e+02	  2.4855e-06	  7.0411e-02	  3.0070e-01	  2.2383e-02	  6.0648e-01	  3.8671e-02	  9.9999e-01	
  1.8250e+02	  2.1817e-06	  6.8625e-02	  3.0092e-01	  2.2717e-02	  6.0772e-01	  3.8752e-02	  9.9999e-01	
  1.8433e+02	  1.9151e-06	  6.6883e-02	  3.0110e-01	  2.3052e-02	  6.0894e-01	  3.8831e-02	  9.9999e-01	
  1.8615e+02	  1.6810e-06	  6.5186e-02	  3.0127e-01	  2.3386e-02	  6.1014e-01	  3.8910e-02	  9.9999e-01	
  1.8797e+02	  1.4756e-06	  6.3533e-02	  3.0141e-01	  2.3721e-02	  6.1132e-01	  3.8987e-02	  9.9999e-01	
  1.8980e+02	  1.2952e-06	  6.1921e-02	  3.0152e-01	  2.4056e-02	  6.1248e-01	  3.9063e-02	  9.9999e-01	
  1.9162e+02	  1.1369e-06	  6.0350e-02	  3.0162e-01	  2.4391e-02	  6.1363e-01	  3.9139e-02	  9.9999e-01	
  1.9345e+02	  9.9798e-07	  5.8818e-02	  3.0169e-01	  2.4726e-02	  6.1475e-01	  3.9213e-02	  9.9999e-01	
  1.9528e+02	  8.7601e-07	  5.7326e-02	  3.0174e-01	  2.5061e-02	  6.1586e-01	  3.9286e-02	  9.9999e-01	
  1.9710e+02	  7.6895e-07	  5.5871e-02	  3.0177e-01	  2.5396e-02	  6.1694e-01	  3.9359e-02	  9.9998e-01	
  1.9892e+02	  6.7497e-07	  5.4454e-02	  3.0178e-01	  2.5731e-02	  6.1802e-01	  3.9430e-02	  9.9998e-01	
  2.0075e+02	  5.9248e-07	  5.3072e-02	  3.0178e-01	  2.6066e-02	  6.1907e-01	  3.9501e-02	  9.9998e-01	
  2.0258e+02	  5.2007e-07	  5.1725e-02	  3.0175e-01	  2.6401e-02	  6.2011e-01	  3.9571e-02	  9.9998e-01	
  2.0440e+02	  4.5651e-07	  5.0413e-02	  3.0170e-01	  2.6735e-02	  6.2113e-01	  3.9640e-02	  9.9998e-01	
  2.0622e+02	  3.9924e-07	  4.9127e-02	  3.0164e-01	  2.7070e-02	  6.2215e-01	  3.9708e-02	  9.9998e-01	
  2.0805e+02	  3.4915e-07	  4.7874e-02	  3.0156e-01	  2.7404e-02	  6.2314e-01	  3.9775e-02	  9.9998e-01	
  2.0988e+02	  3.0535e-07	  4.6653e-02	  3.0147e-01	  2.7739e-02	  6.2412e-01	  3.9842e-02	  9.9998e-01	
  2.1170e+02	  2.6704e-07	  4.5463e-02	  3.0136e-01	  2.8073e-02	  6.2509e-01	  3.9908e-02	  9.9998e-01	
  2.1353e+02	  2.3354e-07	  4.4304e-02	  3.0123e-01	  2.8407e-02	  6.2604e-01	  3.9973e-02	  9.9998e-01	
  2.1535e+02	  2.0424e-07	  4.3174e-02	  3.0109e-01	  2.8740e-02	  6.2698e-01	  4.0037e-02	  9.9998e-01	
  2.1717e+02	  1.7862e-07	  4.2073e-02	  3.0093e-01	  2.9074e-02	  6.2791e-01	  4.0101e-02	  9.9998e-01	
  2.1900e+02	  1.5621e-07	  4.1000e-02	  3.0076e-01	  2.9407e-02	  6.2882e-01	  4.0164e-02	  9.9998e-01	
  2.2083e+02	  1.3661e-07	  3.9954e-02	  3.0057e-01	  2.9740e-02	  6.2972e-01	  4.0226e-02	  9.9998e-01	
  2.2265e+02	  1.1947e-07	  3.8935e-02	  3.0037e-01	  3.0073e-02	  6.3061e-01	  4.0287e-02	  9.9998e-01	
  2.2447e+02	  1.0449e-07	  3.7942e-02	  3.0015e-01	  3.0405e-02	  6.3148e-01	  4.0348e-02	  9.9998e-01	
  2.2630e+02	  9.1377e-08	  3.6974e-02	  2.9993e-01	  3.0738e-02	  6.3235e-01	  4.0408e-02	  9.9998e-01	
  2.2812e+02	  7.9913e-08	  3.6031e-02	  2.9968e-01	  3.1069e-02	  6.3320e-01	  4.0467e-02	  9.9998e-01	
  2.2995e+02	  6.9888e-08	  3.5112e-02	  2.9943e-01	  3.1401e-02	  6.3404e-01	  4.0526e-02	  9.9998e-01	
  2.3178e+02	  6.1120e-08	  3.4217e-02	  2.9917e-01	  3.1732e-02	  6.3487e-01	  4.0585e-02	  9.9998e-01	
  2.3360e+02	  5.3452e-08	  3.3344e-02	  2.9889e-01	  3.2063e-02	  6.3569e-01	  4.0642e-02	  9.9998e-01	
  2.3542e+02	  4.6747e-08	  3.2494e-02	  2.9860e-01	  3.2393e-02	  6.3650e-01	  4.0699e-02	  9.9998e-01	
  2.3725e+02	  4.0882e-08	  3.1665e-02	  2.9830e-01	  3.2723e-02	  6.3729e-01	  4.0756e-02	  9.9998e-01	
  2.3908e+02	  3.5753e-08	  3.0857e-02	  2.9799e-01	  3.3053e-02	  6.3808e-01	  4.0812e-02	  9.9998e-01	
  2.4090e+02	  3.1268e-08	  3.0070e-02	  2.9767e-01	  3.3382e-02	  6.3886e-01	  4.0867e-02	  9.9998e-01	
  2.4272e+02	  2.7345e-08	  2.9303e-02	  2.9734e-01	  3.3711e-02	  6.3963e-01	  4.0922e-02	  9.9998e-01	
  2.4455e+02	  2.3915e-08	  2.8556e-02	  2.9700e-01	  3.4039e-02	  6.4039e-01	  4.0976e-02	  9.9998e-01	
  2.4638e+02	  2.0915e-08	  2.7828e-02	  2.9665e-01	  3.4367e-02	  6.4114e-01	  4.1030e-02	  9.9998e-01	
  2.4820e+02	  1.8291e-08	  2.7118e-02	  2.9630e-01	  3.4694e-02	  6.4188e-01	  4.1083e-02	  9.9998e-01	
  2.5003e+02	  1.5996e-08	  2.6426e-02	  2.9593e-01	  3.5021e-02	  6.4261e-01	  4.1136e-02	  9.9998e-01	
  2.5185e+02	  1.3990e-08	  2.5752e-02	  2.9555e-01	  3.5348e-02	  6.4333e-01	  4.1188e-02	  9.9998e-01	
  2.5367e+02	  1.2235e-08	  2.5095e-02	  2.9517e-01	  3.5674e-02	  6.4405e-01	  4.1240e-02	  9.9998e-01	
  2.5550e+02	  1.0700e-08	  2.4455e-02	  2.9478e-01	  3.5999e-02	  6.4475e-01	  4.1291e-02	  9.9998e-01	
  2.5732e+02	  9.3577e-09	  2.3832e-02	  2.9438e-01	  3.6324e-02	  6.4545e-01	  4.1342e-02	  9.9998e-01	
  2.5915e+02	  8.1838e-09	  2.3224e-02	  2.9397e-01	  3.6649e-02	  6.4614e-01	  4.1393e-02	  9.9998e-01	
  2.6097e+02	  7.1573e-09	  2.2631e-02	  2.9355e-01	  3.6973e-02	  6.4683e-01	  4.1443e-02	  9.9998e-01	
  2.6280e+02	  6.2595e-09	  2.2054e-02	  2.9313e-01	  3.7296e-02	  6.4750e-01	  4.1492e-02	  9.9998e-01	
  2.6462e+02	  5.4743e-09	  2.1492e-02	  2.9270e-01	  3.7619e-02	  6.4817e-01	  4.1542e-02	  9.9998e-01	
  2.6645e+02	  4.7876e-09	  2.0944e-02	  2.9227e-01	  3.7942e-02	  6.4883e-01	  4.1590e-02	  9.9998e-01	
  2.6828e+02	  4.1871e-09	  2.0409e-02	  2.9183e-01	  3.8263e-02	  6.4949e-01	  4.1639e-02	  9.9998e-01	
  2.7010e+02	  3.6620e-09	  1.9889e-02	  2.9138e-01	  3.8585e-02	  6.5013e-01	  4.1687e-02	  9.9998e-01	
  2.7193e+02	  3.2027e-09	  1.9382e-02	  2.9092e-01	  3.8905e-02	  6.5077e-01	  4.1735e-02	  9.9998e-01	
  2.7375e+02	  2.8010e-09	  1.8887e-02	  2.9046e-01	  3.9226e-02	  6.5141e-01	  4.1782e-02	  9.9998e-01	
  2.7557e+02	  2.4497e-09	  1.8405e-02	  2.9000e-01	  3.9545e-02	  6.5204e-01	  4.1829e-02	  9.9998e-01	
  2.7740e+02	  2.1425e-09	  1.7936e-02	  2.8952e-01	  3.9864e-02	  6.5266e-01	  4.1875e-02	  9.9998e-01	
  2.7922e+02	  1.8739e-09	  1.7479e-02	  2.8905e-01	  4.0182e-02	  6.5327e-01	  4.1921e-02	  9.9998e-01	
  2.8105e+02	  1.6389e-09	  1.7033e-02	  2.8857e-01	  4.0500e-02	  6.5388e-01	  4.1967e-02	  9.9998e-01	
  2.8288e+02	  1.4334e-09	  1.6598e-02	  2.8808e-01	  4.0817e-02	  6.5449e-01	  4.2013e-02	  9.9998e-01	
  2.8470e+02	  1.2537e-09	  1.6175e-02	  2.8759e-01	  4.1134e-02	  6.5509e-01	  4.2058e-02	  9.9998e-01	
  2.8653e+02	  1.0965e-09	  1.5762e-02	  2.8709e-01	  4.1450e-02	  6.5568e-01	  4.2103e-02	  9.9998e-01	
  2.8835e+02	  9.5910e-10	  1.5360e-02	  2.8659e-01	  4.1765e-02	  6.5627e-01	  4.2147e-02	  9.9998e-01	
  2.9018e+02	  8.3890e-10	  1.4969e-02	  2.8609e-01	  4.2080e-02	  6.5685e-01	  4.2191e-02	  9.9998e-01	
  2.9200e+02	  7.3378e-10	  1.4587e-02	  2.8558e-01	  4.2394e-02	  6.5742e-01	  4.2235e-02	  9.9998e-01	
  2.9382e+02	  6.3826e-10	  1.4212e-02	  2.8507e-01	  4.2708e-02	  6.5800e-01	  4.2279e-02	  9.9998e-01	
  2.9565e+02	  5.5519e-10	  1.3847e-02	  2.8455e-01	  4.3021e-02	  6.5857e-01	  4.2323e-02	  9.9998e-01	
  2.9747e+02	  4.8295e-10	  1.3491e-02	  2.8403e-01	  4.3333e-02	  6.5913e-01	  4.2366e-02	  9.9998e-01	
  2.9930e+02	  4.2013e-10	  1.3144e-02	  2.8351e-01	  4.3645e-02	  6.5969e-01	  4.2408e-02	  9.9998e-01	
  3.0112e+02	  3.6549e-10	  1.2806e-02	  2.8298e-01	  4.3956e-02	  6.6024e-01	  4.2451e-02	  9.9998e-01	
  3.0295e+02	  3.1798e-10	  1.2477e-02	  2.8245e-01	  4.4266e-02	  6.6079e-01	  4.2493e-02	  9.9998e-01	
  3.0478e+02	  2.7666e-10	  1.2156e-02	  2.8192e-01	  4.4576e-02	  6.6133e-01	  4.2535e-02	  9.9998e-01	
  3.0660e+02	  2.4073e-10	  1.1844e-02	  2.8138e-01	  4.4885e-02	  6.6187e-01	  4.2577e-02	  9.9998e-01	
  3.0843e+02	  2.0948e-10	  1.1540e-02	  2.8084e-01	  4.5194e-02	  6.6241e-01	  4.2618e-02	  9.9998e-01	
  3.1025e+02	  1.8230e-10	  1.1243e-02	  2.8030e-01	  4.5501e-02	  6.6294e-01	  4.2660e-02	  9.9998e-01	
  3.1207e+02	  1.5867e-10	  1.0954e-02	  2.7976e-01	  4.5809e-02	  6.6346e-01	  4.2701e-02	  9.9998e-01	
  3.1390e+02	  1.3812e-10	  1.0672e-02	  2.7921e-01	  4.6115e-02	  6.6399e-01	  4.2741e-02	  9.9998e-01	
  3.1572e+02	  1.2024e-10	  1.0398e-02	  2.7866e-01	  4.6421e-02	  6.6451e-01	  4.2782e-02	  9.9998e-01	
  3.1755e+02	  1.0470e-10	  1.0131e-02	  2.7811e-01	  4.6726e-02	  6.6502e-01	  4.2822e-02	  9.9998e-01	
  3.1938e+02	  9.1181e-11	  9.8706e-03	  2.7755e-01	  4.7030e-02	  6.6553e-01	  4.2862e-02	  9.9998e-01	
  3.2120e+02	  7.9425e-11	  9.6169e-03	  2.7699e-01	  4.7334e-02	  6.6604e-01	  4.2902e-02	  9.9998e-01	
  3.2303e+02	  6.9202e-11	  9.3697e-03	  2.7643e-01	  4.7637e-02	  6.6654e-01	  4.2941e-02	  9.9998e-01	
  3.2485e+02	  6.0312e-11	  9.1289e-03	  2.7587e-01	  4.7940e-02	  6.6704e-01	  4.2981e-02	  9.9998e-01	
  3.2668e+02	  5.2580e-11	  8.8942e-03	  2.7531e-01	  4.8241e-02	  6.6754e-01	  4.3020e-02	  9.9998e-01	
  3.2850e+02	  4.5857e-11	  8.6656e-03	  2.7474e-01	  4.8542e-02	  6.6803e-01	  4.3059e-02	  9.9998e-01	
  3.3032e+02	  4.0009e-11	  8.4429e-03	  2.7418e-01	  4.8843e-02	  6.6852e-01	  4.3098e-02	  9.9998e-01	
  3.3215e+02	  3.4924e-11	  8.2259e-03	  2.7361e-01	  4.9142e-02	  6.6901e-01	  4.3136e-02	  9.9998e-01	
  3.3397e+02	  3.0502e-11	  8.0145e-03	  2.7304e-01	  4.9441e-02	  6.6949e-01	  4.3174e-02	  9.9998e-01	
  3.3580e+02	  2.6656e-11	  7.8085e-03	  2.7247e-01	  4.9740e-02	  6.6997e-01	  4.3212e-02	  9.9998e-01	
  3.3762e+02	  2.3312e-11	  7.6078e-03	  2.7189e-01	  5.0037e-02	  6.7044e-01	  4.3250e-02	  9.9998e-01	
  3.3945e+02	  2.0404e-11	  7.4123e-03	  2.7132e-01	  5.0334e-02	  6.7092e-01	  4.3288e-02	  9.9998e-01	
  3.4128e+02	  1.7874e-11	  7.2218e-03	  2.7074e-01	  5.0630e-02	  6.7139e-01	  4.3325e-02	  9.9998e-01	
  3.4310e+02	  1.5675e-11	  7.0362e-03	  2.7017e-01	  5.0926e-02	  6.7185e-01	  4.3363e-02	  9.9998e-01	
  3.4493e+02	  1.3762e-11	  6.8553e-03	  2.6959e-01	  5.1220e-02	  6.7232e-01	  4.3400e-02	  9.9998e-01	
  3.4675e+02	  1.2098e-11	  6.6791e-03	  2.6901e-01	  5.1514e-02	  6.7278e-01	  4.3437e-02	  9.9998e-01	
  3.4857e+02	  1.0651e-11	  6.5075e-03	  2.6843e-01	  5.1808e-02	  6.7324e-01	  4.3474e-02	  9.9998e-01	
  3.5040e+02	  9.3934e-12	  6.3402e-03	  2.6785e-01	  5.2100e-02	  6.7369e-01	  4.3510e-02	  9.9998e-01	
  3.5222e+02	  8.2992e-12	  6.1773e-03	  2.6727e-01	  5.2392e-02	  6.7415e-01	  4.3547e-02	  9.9998e-01	
  3.5405e+02	  7.3478e-12	  6.0185e-03	  2.6669e-01	  5.2683e-02	  6.7460e-01	  4.3583e-02	  9.9998e-01	
  3.5588e+02	  6.5203e-12	  5.8638e-03	  2.6610e-01	  5.2974e-02	  6.7504e-01	  4.3619e-02	  9.9998e-01	
  3.5770e+02	  5.8007e-12	  5.7131e-03	  2.6552e-01	  5.3264e-02	  6.7549e-01	  4.3655e-02	  9.9998e-01	
  3.5953e+02	  5.1749e-12	  5.5663e-03	  2.6493e-01	  5.3553e-02	  6.7593e-01	  4.3691e-02	  9.9998e-01	
  3.6135e+02	  4.6307e-12	  5.4232e-03	  2.6435e-01	  5.3841e-02	  6.7637e-01	  4.3726e-02	  9.9998e-01	
  3.6318e+02	  4.1574e-12	  5.2838e-03	  2.6376e-01	  5.4129e-02	  6.7681e-01	  4.3762e-02	  9.9998e-01	
  3.6500e+02	  3.7458e-12	  5.1480e-03	  2.6318e-01	  5.4416e-02	  6.7724e-01	  4.3797e-02	  9.9998e-01	
